   0.0000000e+00
   0.0000000e+00
   0.0000000e+00
  -2.2204460e-17
   0.0000000e+00
   0.0000000e+00
   0.0000000e+00
  -2.2204460e-17
   0.0000000e+00
   0.0000000e+00
  -4.4408921e-17
  -2.2204460e-17
  -4.4408921e-17
  -2.2204460e-17
   0.0000000e+00
  -2.2204460e-17
   2.0816682e-18
  -2.2898350e-17
   0.0000000e+00
  -4.5796700e-17
   0.0000000e+00
  -4.1633363e-17
  -2.2204460e-17
   2.7755576e-18
   4.1633363e-17
  -2.7755576e-18
  -4.4408921e-17
  -5.5511151e-18
  -2.2204460e-17
  -2.2204460e-17
  -1.1102230e-17
  -5.5511151e-18
  -1.5959456e-17
  -2.4980018e-17
  -4.3021142e-17
  -7.2164497e-17
  -3.8857806e-17
  -4.4408921e-17
  -2.7755576e-17
  -3.8857806e-17
  -2.7755576e-17
  -4.9960036e-17
  -6.6613381e-17
  -2.2204460e-17
  -2.2204460e-17
  -3.8857806e-17
  -3.3306691e-17
   0.0000000e+00
  -4.1633363e-17
  -4.4408921e-17
  -2.9143354e-17
  -4.1633363e-17
  -4.5796700e-17
  -1.3877788e-17
  -2.2204460e-17
  -3.0531133e-17
  -3.0531133e-17
  -3.8857806e-17
  -6.1062266e-17
  -2.7755576e-17
  -3.3306691e-17
  -3.3306691e-17
  -1.6653345e-17
  -2.7755576e-17
  -2.3939184e-17
  -1.2143064e-17
  -2.0816682e-17
  -2.9143354e-17
  -1.1102230e-17
  -2.2204460e-17
  -1.1102230e-17
  -3.3306691e-17
   0.0000000e+00
  -2.7755576e-17
  -2.4980018e-17
  -3.3306691e-17
  -1.9428903e-17
   2.7755576e-18
  -1.1102230e-17
   0.0000000e+00
  -3.6429193e-18
  -1.8388069e-17
  -5.8980598e-18
  -9.7144515e-18
  -5.5511151e-18
   1.0408341e-17
  -1.3877788e-18
  -2.7755576e-18
  -1.3877788e-18
  -1.3877788e-18
  -2.7755576e-18
  -4.1633363e-18
   2.7755576e-17
   2.2204460e-17
   5.5511151e-18
   2.2204460e-17
   1.3357371e-17
   6.7654216e-18
   2.3071822e-17
   1.6653345e-17
   3.6776138e-17
   4.2674198e-17
   3.7470027e-17
   1.7347235e-17
   4.8572257e-17
   3.9551695e-17
   3.7470027e-17
   5.8286709e-17
   5.9674488e-17
   5.8286709e-17
   5.1347815e-17
   6.9388939e-17
   9.0552565e-17
   6.2536781e-17
   7.3639012e-17
   7.7195195e-17
   9.8532293e-17
   1.0651202e-16
   1.0616508e-16
   1.1067536e-16
   1.2455315e-16
   1.0512424e-16
   1.3808399e-16
   1.4641066e-16
   1.3183898e-16
   1.4363510e-16
   1.3808399e-16
   1.7277846e-16
   1.8054135e-16
   1.8804402e-16
   1.9021243e-16
   2.0235549e-16
   2.2698857e-16
   2.1579960e-16
   2.3817753e-16
   2.3089169e-16
   2.5934116e-16
   2.7339242e-16
   2.9039271e-16
   2.9108660e-16
   2.8865799e-16
   3.1016856e-16
   3.2890357e-16
   3.6012859e-16
   3.8298358e-16
   3.7326912e-16
   3.8411115e-16
   4.0991516e-16
   4.4990053e-16
   4.7531423e-16
   4.7739590e-16
   5.0220245e-16
   5.3117233e-16
   5.2648857e-16
   5.8113236e-16
   5.9969391e-16
   5.9986738e-16
   6.3577615e-16
   6.6197048e-16
   7.0533857e-16
   7.2860554e-16
   7.6280128e-16
   7.8919076e-16
   8.2830878e-16
   8.7976501e-16
   9.2339331e-16
   9.3319449e-16
   9.6892980e-16
   1.0204511e-15
   1.0643396e-15
   1.1223661e-15
   1.1534176e-15
   1.2012960e-15
   1.2504754e-15
   1.2930629e-15
   1.3466658e-15
   1.4303662e-15
   1.4769219e-15
   1.5308501e-15
   1.6029062e-15
   1.6931335e-15
   1.7574700e-15
   1.8193346e-15
   1.8877044e-15
   1.9798616e-15
   2.0635403e-15
   2.1541796e-15
   2.2381402e-15
   2.3204962e-15
   2.4255771e-15
   2.5330866e-15
   2.6262846e-15
   2.7466636e-15
   2.8603313e-15
   2.9623493e-15
   3.1053339e-15
   3.2528776e-15
   3.3841636e-15
   3.5023416e-15
   3.6414665e-15
   3.8075879e-15
   3.9733191e-15
   4.1401344e-15
   4.3055403e-15
   4.4675201e-15
   4.6543065e-15
   4.8562933e-15
   5.0696426e-15
   5.2798477e-15
   5.4962165e-15
   5.7108452e-15
   5.9481987e-15
   6.2339457e-15
   6.4678623e-15
   6.7398181e-15
   7.0112102e-15
   7.3104391e-15
   7.6156746e-15
   7.9481994e-15
   8.2579234e-15
   8.5983521e-15
   8.9541981e-15
   9.3382116e-15
   9.7261825e-15
   1.0118623e-14
   1.0538944e-14
   1.0971578e-14
   1.1447196e-14
   1.1914867e-14
   1.2423279e-14
   1.2919936e-14
   1.3458120e-14
   1.4006298e-14
   1.4597481e-14
   1.5212256e-14
   1.5829016e-14
   1.6478377e-14
   1.7175866e-14
   1.7887569e-14
   1.8633955e-14
   1.9387815e-14
   2.0203778e-14
   2.1023472e-14
   2.1903544e-14
   2.2834722e-14
   2.3764962e-14
   2.4768085e-14
   2.5754115e-14
   2.6838018e-14
   2.7967751e-14
   2.9106101e-14
   3.0307083e-14
   3.1562177e-14
   3.2880247e-14
   3.4245426e-14
   3.5674811e-14
   3.7143769e-14
   3.8659287e-14
   4.0267898e-14
   4.1955889e-14
   4.3693858e-14
   4.5516690e-14
   4.7370685e-14
   4.9349741e-14
   5.1406545e-14
   5.3517503e-14
   5.5732595e-14
   5.8050942e-14
   6.0455928e-14
   6.2947561e-14
   6.5558266e-14
   6.8286742e-14
   7.1103495e-14
   7.4063528e-14
   7.7109040e-14
   8.0319104e-14
   8.3647234e-14
   8.7108257e-14
   9.0728240e-14
   9.4454475e-14
   9.8383281e-14
   1.0247025e-13
   1.0670446e-13
   1.1112455e-13
   1.1572706e-13
   1.2052910e-13
   1.2551884e-13
   1.3073200e-13
   1.3612041e-13
   1.4176743e-13
   1.4763514e-13
   1.5378010e-13
   1.6011503e-13
   1.6677932e-13
   1.7367017e-13
   1.8087118e-13
   1.8836085e-13
   1.9615250e-13
   2.0427504e-13
   2.1276107e-13
   2.2157150e-13
   2.3075240e-13
   2.4032590e-13
   2.5028118e-13
   2.6062858e-13
   2.7144279e-13
   2.8267440e-13
   2.9438276e-13
   3.0657058e-13
   3.1927593e-13
   3.3251998e-13
   3.4627595e-13
   3.6063665e-13
   3.7557100e-13
   3.9112967e-13
   4.0734540e-13
   4.2422192e-13
   4.4179622e-13
   4.6009979e-13
   4.7915341e-13
   4.9901241e-13
   5.1967377e-13
   5.4121240e-13
   5.6365175e-13
   5.8697425e-13
   6.1130266e-13
   6.3662755e-13
   6.6299392e-13
   6.9048296e-13
   7.1905878e-13
   7.4886608e-13
   7.7990172e-13
   8.1220972e-13
   8.4587792e-13
   8.8090367e-13
   9.1740589e-13
   9.5539759e-13
   9.9498782e-13
   1.0362207e-12
   1.0791481e-12
   1.1238385e-12
   1.1703965e-12
   1.2188995e-12
   1.2694001e-12
   1.3219866e-12
   1.3767512e-12
   1.4337904e-12
   1.4932014e-12
   1.5550661e-12
   1.6195047e-12
   1.6865798e-12
   1.7564497e-12
   1.8292196e-12
   1.9050184e-12
   1.9839509e-12
   2.0661408e-12
   2.1517246e-12
   2.2408680e-12
   2.3337267e-12
   2.4303982e-12
   2.5310858e-12
   2.6359542e-12
   2.7451742e-12
   2.8589002e-12
   2.9773540e-12
   3.1007027e-12
   3.2291622e-12
   3.3629347e-12
   3.5022674e-12
   3.6473719e-12
   3.7984847e-12
   3.9558570e-12
   4.1197275e-12
   4.2903975e-12
   4.4681721e-12
   4.6533034e-12
   4.8460596e-12
   5.0468249e-12
   5.2559408e-12
   5.4737019e-12
   5.7004608e-12
   5.9366423e-12
   6.1825811e-12
   6.4387246e-12
   6.7054905e-12
   6.9832979e-12
   7.2726208e-12
   7.5739286e-12
   7.8877006e-12
   8.2144916e-12
   8.5548262e-12
   8.9092625e-12
   9.2783630e-12
   9.6627581e-12
   1.0063099e-11
   1.0480012e-11
   1.0914209e-11
   1.1366398e-11
   1.1837283e-11
   1.2327693e-11
   1.2838441e-11
   1.3370343e-11
   1.3924290e-11
   1.4501172e-11
   1.5101941e-11
   1.5727605e-11
   1.6379220e-11
   1.7057833e-11
   1.7764506e-11
   1.8500491e-11
   1.9266996e-11
   2.0065228e-11
   2.0896523e-11
   2.1762277e-11
   2.2663874e-11
   2.3602854e-11
   2.4580703e-11
   2.5599092e-11
   2.6659684e-11
   2.7764197e-11
   2.8914459e-11
   3.0112375e-11
   3.1359951e-11
   3.2659200e-11
   3.4012265e-11
   3.5421405e-11
   3.6888925e-11
   3.8417237e-11
   4.0008883e-11
   4.1666453e-11
   4.3392696e-11
   4.5190443e-11
   4.7062695e-11
   4.9012502e-11
   5.1043125e-11
   5.3157840e-11
   5.5360184e-11
   5.7653757e-11
   6.0042368e-11
   6.2529937e-11
   6.5120549e-11
   6.7818496e-11
   7.0628243e-11
   7.3554373e-11
   7.6601749e-11
   7.9775386e-11
   8.3080473e-11
   8.6522524e-11
   9.0107163e-11
   9.3840314e-11
   9.7728152e-11
   1.0177703e-10
   1.0599367e-10
   1.1038499e-10
   1.1495827e-10
   1.1972102e-10
   1.2468106e-10
   1.2984662e-10
   1.3522620e-10
   1.4082865e-10
   1.4666321e-10
   1.5273950e-10
   1.5906751e-10
   1.6565771e-10
   1.7252092e-10
   1.7966850e-10
   1.8711220e-10
   1.9486430e-10
   2.0293757e-10
   2.1134529e-10
   2.2010138e-10
   2.2922021e-10
   2.3871683e-10
   2.4860691e-10
   2.5890675e-10
   2.6963328e-10
   2.8080426e-10
   2.9243803e-10
   3.0455379e-10
   3.1717150e-10
   3.3031194e-10
   3.4399684e-10
   3.5824868e-10
   3.7309099e-10
   3.8854824e-10
   4.0464584e-10
   4.2141040e-10
   4.3886952e-10
   4.5705192e-10
   4.7598769e-10
   4.9570796e-10
   5.1624519e-10
   5.3763334e-10
   5.5990760e-10
   5.8310466e-10
   6.0726277e-10
   6.3242177e-10
   6.5862314e-10
   6.8590999e-10
   7.1432735e-10
   7.4392209e-10
   7.7474291e-10
   8.0684065e-10
   8.4026820e-10
   8.7508066e-10
   9.1133540e-10
   9.4909221e-10
   9.8841324e-10
   1.0293634e-09
   1.0720101e-09
   1.1164237e-09
   1.1626773e-09
   1.2108472e-09
   1.2610129e-09
   1.3132568e-09
   1.3676653e-09
   1.4243279e-09
   1.4833381e-09
   1.5447931e-09
   1.6087941e-09
   1.6754467e-09
   1.7448608e-09
   1.8171507e-09
   1.8924356e-09
   1.9708395e-09
   2.0524917e-09
   2.1375268e-09
   2.2260849e-09
   2.3183120e-09
   2.4143602e-09
   2.5143875e-09
   2.6185590e-09
   2.7270464e-09
   2.8400284e-09
   2.9576913e-09
   3.0802290e-09
   3.2078434e-09
   3.3407449e-09
   3.4791526e-09
   3.6232945e-09
   3.7734083e-09
   3.9297412e-09
   4.0925511e-09
   4.2621062e-09
   4.4386861e-09
   4.6225816e-09
   4.8140960e-09
   5.0135449e-09
   5.2212570e-09
   5.4375746e-09
   5.6628543e-09
   5.8974673e-09
   6.1418004e-09
   6.3962563e-09
   6.6612544e-09
   6.9372313e-09
   7.2246421e-09
   7.5239603e-09
   7.8356793e-09
   8.1603129e-09
   8.4983961e-09
   8.8504862e-09
   9.2171634e-09
   9.5990322e-09
   9.9967218e-09
   1.0410888e-08
   1.0842213e-08
   1.1291408e-08
   1.1759213e-08
   1.2246399e-08
   1.2753769e-08
   1.3282160e-08
   1.3832443e-08
   1.4405523e-08
   1.5002347e-08
   1.5623896e-08
   1.6271197e-08
   1.6945316e-08
   1.7647363e-08
   1.8378497e-08
   1.9139921e-08
   1.9932892e-08
   2.0758715e-08
   2.1618752e-08
   2.2514421e-08
   2.3447197e-08
   2.4418619e-08
   2.5430287e-08
   2.6483868e-08
   2.7581099e-08
   2.8723789e-08
   2.9913821e-08
   3.1153156e-08
   3.2443837e-08
   3.3787991e-08
   3.5187833e-08
   3.6645672e-08
   3.8163908e-08
   3.9745046e-08
   4.1391690e-08
   4.3106555e-08
   4.4892468e-08
   4.6752371e-08
   4.8689330e-08
   5.0706538e-08
   5.2807318e-08
   5.4995135e-08
   5.7273593e-08
   5.9646449e-08
   6.2117612e-08
   6.4691155e-08
   6.7371322e-08
   7.0162528e-08
   7.3069374e-08
   7.6096651e-08
   7.9249349e-08
   8.2532663e-08
   8.5952006e-08
   8.9513013e-08
   9.3221554e-08
   9.7083739e-08
   1.0110594e-07
   1.0529477e-07
   1.0965715e-07
   1.1420027e-07
   1.1893161e-07
   1.2385897e-07
   1.2899046e-07
   1.3433456e-07
   1.3990007e-07
   1.4569615e-07
   1.5173237e-07
   1.5801867e-07
   1.6456541e-07
   1.7138339e-07
   1.7848383e-07
   1.8587845e-07
   1.9357942e-07
   2.0159945e-07
   2.0995176e-07
   2.1865009e-07
   2.2770881e-07
   2.3714282e-07
   2.4696769e-07
   2.5719961e-07
   2.6785543e-07
   2.7895273e-07
   2.9050979e-07
   3.0254567e-07
   3.1508019e-07
   3.2813402e-07
   3.4172867e-07
   3.5588655e-07
   3.7063099e-07
   3.8598630e-07
   4.0197778e-07
   4.1863179e-07
   4.3597578e-07
   4.5403833e-07
   4.7284922e-07
   4.9243945e-07
   5.1284130e-07
   5.3408841e-07
   5.5621579e-07
   5.7925991e-07
   6.0325875e-07
   6.2825186e-07
   6.5428045e-07
   6.8138741e-07
   7.0961741e-07
   7.3901698e-07
   7.6963459e-07
   8.0152069e-07
   8.3472783e-07
   8.6931075e-07
   9.0532645e-07
   9.4283428e-07
   9.8189608e-07
   1.0225762e-06
   1.0649417e-06
   1.1090624e-06
   1.1550111e-06
   1.2028634e-06
   1.2526982e-06
   1.3045978e-06
   1.3586475e-06
   1.4149365e-06
   1.4735575e-06
   1.5346073e-06
   1.5981863e-06
   1.6643995e-06
   1.7333558e-06
   1.8051691e-06
   1.8799576e-06
   1.9578445e-06
   2.0389584e-06
   2.1234328e-06
   2.2114070e-06
   2.3030259e-06
   2.3984407e-06
   2.4978085e-06
   2.6012931e-06
   2.7090652e-06
   2.8213022e-06
   2.9381892e-06
   3.0599189e-06
   3.1866919e-06
   3.3187171e-06
   3.4562121e-06
   3.5994036e-06
   3.7485275e-06
   3.9038296e-06
   4.0655659e-06
   4.2340030e-06
   4.4094185e-06
   4.5921014e-06
   4.7823530e-06
   4.9804866e-06
   5.1868290e-06
   5.4017202e-06
   5.6255144e-06
   5.8585804e-06
   6.1013023e-06
   6.3540803e-06
   6.6173309e-06
   6.8914880e-06
   7.1770035e-06
   7.4743479e-06
   7.7840113e-06
   8.1065041e-06
   8.4423579e-06
   8.7921261e-06
   9.1563853e-06
   9.5357358e-06
   9.9308028e-06
   1.0342238e-05
   1.0770718e-05
   1.1216951e-05
   1.1681670e-05
   1.2165644e-05
   1.2669668e-05
   1.3194575e-05
   1.3741228e-05
   1.4310529e-05
   1.4903416e-05
   1.5520867e-05
   1.6163898e-05
   1.6833571e-05
   1.7530988e-05
   1.8257300e-05
   1.9013702e-05
   1.9801442e-05
   2.0621818e-05
   2.1476183e-05
   2.2365944e-05
   2.3292568e-05
   2.4257582e-05
   2.5262576e-05
   2.6309208e-05
   2.7399202e-05
   2.8534354e-05
   2.9716535e-05
   3.0947694e-05
   3.2229860e-05
   3.3565147e-05
   3.4955754e-05
   3.6403974e-05
   3.7912194e-05
   3.9482900e-05
   4.1118680e-05
   4.2822230e-05
   4.4596358e-05
   4.6443989e-05
   4.8368166e-05
   5.0372063e-05
   5.2458980e-05
   5.4632358e-05
   5.6895780e-05
   5.9252974e-05
   6.1707827e-05
   6.4264384e-05
   6.6926859e-05
   6.9699640e-05
   7.2587297e-05
   7.5594589e-05
   7.8726473e-05
   8.1988110e-05
   8.5384876e-05
   8.8922369e-05
   9.2606420e-05
   9.6443100e-05
   1.0043873e-04
   1.0459990e-04
   1.0893347e-04
   1.1344657e-04
   1.1814666e-04
   1.2304146e-04
   1.2813905e-04
   1.3344784e-04
   1.3897656e-04
   1.4473434e-04
   1.5073066e-04
   1.5697540e-04
   1.6347886e-04
   1.7025176e-04
   1.7730525e-04
   1.8465096e-04
   1.9230100e-04
   2.0026798e-04
   2.0856502e-04
   2.1720580e-04
   2.2620456e-04
   2.3557613e-04
   2.4533596e-04
   2.5550013e-04
   2.6608539e-04
   2.7710918e-04
   2.8858968e-04
   3.0054580e-04
   3.1299725e-04
   3.2596455e-04
   3.3946906e-04
   3.5353305e-04
   3.6817968e-04
   3.8343310e-04
   3.9931845e-04
   4.1586190e-04
   4.3309072e-04
   4.5103329e-04
   4.6971919e-04
   4.8917921e-04
   5.0944541e-04
   5.3055120e-04
   5.5253135e-04
   5.7542208e-04
   5.9926112e-04
   6.2408774e-04
   6.4994286e-04
   6.7686909e-04
   7.0491078e-04
   7.3411416e-04
   7.6452733e-04
   7.9620041e-04
   8.2918560e-04
   8.6353723e-04
   8.9931192e-04
   9.3656860e-04
   9.7536867e-04
   1.0157760e-03
   1.0578573e-03
   1.1016818e-03
   1.1473217e-03
   1.1948522e-03
   1.2443517e-03
   1.2959016e-03
   1.3495869e-03
   1.4054960e-03
   1.4637211e-03
   1.5243581e-03
   1.5875068e-03
   1.6532713e-03
   1.7217598e-03
   1.7930853e-03
   1.8673652e-03
   1.9447219e-03
   2.0252826e-03
   2.1091803e-03
   2.1965529e-03
   2.2875444e-03
   2.3823047e-03
   2.4809899e-03
   2.5837623e-03
   2.6907913e-03
   2.8022530e-03
   2.9183311e-03
   3.0392165e-03
   3.1651084e-03
   3.2962140e-03
   3.4327491e-03
   3.5749385e-03
   3.7230162e-03
   3.8772259e-03
   4.0378215e-03
   4.2050672e-03
   4.3792382e-03
   4.5606211e-03
   4.7495144e-03
   4.9462289e-03
   5.1510880e-03
   5.3644289e-03
   5.5866023e-03
   5.8179737e-03
   6.0589236e-03
   6.3098480e-03
   6.5711596e-03
   6.8432879e-03
   7.1266801e-03
   7.4218020e-03
   7.7291385e-03
   8.0491944e-03
   8.3824956e-03
   8.7295894e-03
   9.0910457e-03
   9.4674580e-03
   9.8594441e-03
   1.0267647e-02
   1.0692737e-02
   1.1135411e-02
   1.1596394e-02
   1.2076444e-02
   1.2576345e-02
   1.3096918e-02
   1.3639015e-02
   1.4203523e-02
   1.4791367e-02
   1.5403508e-02
   1.6040947e-02
   1.6704727e-02
   1.7395931e-02
   1.8115688e-02
   1.8865173e-02
   1.9645609e-02
   2.0458268e-02
   2.1304473e-02
   2.2185603e-02
   2.3103091e-02
   2.4058428e-02
   2.5053165e-02
   2.6088916e-02
   2.7167362e-02
   2.8290246e-02
   2.9459387e-02
   3.0676673e-02
   3.1944068e-02
   3.3263613e-02
   3.4637432e-02
   3.6067731e-02
   3.7556804e-02
   3.9107034e-02
   4.0720897e-02
   4.2400966e-02
   4.4149913e-02
   4.5970512e-02
   4.7865643e-02
   4.9838296e-02
   5.1891573e-02
   5.4028694e-02
   5.6252995e-02
   5.8567937e-02
   6.0977107e-02
   6.3484219e-02
   6.6093120e-02
   6.8807793e-02
   7.1632357e-02
   7.4571071e-02
   7.7628336e-02
   8.0808697e-02
   8.4116844e-02
   8.7557612e-02
   9.1135984e-02
   9.4857085e-02
   9.8726188e-02
   1.0274870e-01
   1.0693019e-01
   1.1127632e-01
   1.1579292e-01
   1.2048592e-01
   1.2536136e-01
   1.3042538e-01
   1.3568423e-01
   1.4114419e-01
   1.4681161e-01
   1.5269287e-01
   1.5879433e-01
   1.6512236e-01
   1.7168321e-01
   1.7848306e-01
   1.8552792e-01
   1.9282359e-01
   2.0037564e-01
   2.0818925e-01
   2.1626923e-01
   2.2461989e-01
   2.3324494e-01
   2.4214742e-01
   2.5132955e-01
   2.6079263e-01
   2.7053688e-01
   2.8056130e-01
   2.9086354e-01
   3.0143965e-01
   3.1228400e-01
   3.2338898e-01
   3.3474486e-01
   3.4633958e-01
   3.5815849e-01
   3.7018419e-01
   3.8239625e-01
   3.9477107e-01
   4.0728163e-01
   4.1989736e-01
   4.3258396e-01
   4.4530332e-01
   4.5801344e-01
   4.7066843e-01
   4.8321859e-01
   4.9561052e-01
   5.0778736e-01
   5.1968912e-01
   5.3125310e-01
   5.4241439e-01
   5.5310658e-01
   5.6326243e-01
   5.7281475e-01
   5.8169729e-01
   5.8984578e-01
   5.9719893e-01
   6.0369947e-01
   6.0929525e-01
   6.1394015e-01
   6.1759507e-01
   6.2022869e-01
   6.2181815e-01
   6.2234953e-01
   6.2181815e-01
   6.2022869e-01
   6.1759507e-01
   6.1394015e-01
   6.0929525e-01
   6.0369947e-01
   5.9719893e-01
   5.8984578e-01
   5.8169729e-01
   5.7281475e-01
   5.6326243e-01
   5.5310658e-01
   5.4241439e-01
   5.3125310e-01
   5.1968912e-01
   5.0778736e-01
   4.9561052e-01
   4.8321859e-01
   4.7066843e-01
   4.5801344e-01
   4.4530332e-01
   4.3258396e-01
   4.1989736e-01
   4.0728163e-01
   3.9477107e-01
   3.8239625e-01
   3.7018419e-01
   3.5815849e-01
   3.4633958e-01
   3.3474486e-01
   3.2338898e-01
   3.1228400e-01
   3.0143965e-01
   2.9086354e-01
   2.8056130e-01
   2.7053688e-01
   2.6079263e-01
   2.5132955e-01
   2.4214742e-01
   2.3324494e-01
   2.2461989e-01
   2.1626923e-01
   2.0818925e-01
   2.0037564e-01
   1.9282359e-01
   1.8552792e-01
   1.7848306e-01
   1.7168321e-01
   1.6512236e-01
   1.5879433e-01
   1.5269287e-01
   1.4681161e-01
   1.4114419e-01
   1.3568423e-01
   1.3042538e-01
   1.2536136e-01
   1.2048592e-01
   1.1579292e-01
   1.1127632e-01
   1.0693019e-01
   1.0274870e-01
   9.8726188e-02
   9.4857085e-02
   9.1135984e-02
   8.7557612e-02
   8.4116844e-02
   8.0808697e-02
   7.7628336e-02
   7.4571071e-02
   7.1632357e-02
   6.8807793e-02
   6.6093120e-02
   6.3484219e-02
   6.0977107e-02
   5.8567937e-02
   5.6252995e-02
   5.4028694e-02
   5.1891573e-02
   4.9838296e-02
   4.7865643e-02
   4.5970512e-02
   4.4149913e-02
   4.2400966e-02
   4.0720897e-02
   3.9107034e-02
   3.7556804e-02
   3.6067731e-02
   3.4637432e-02
   3.3263613e-02
   3.1944068e-02
   3.0676673e-02
   2.9459387e-02
   2.8290246e-02
   2.7167362e-02
   2.6088916e-02
   2.5053165e-02
   2.4058428e-02
   2.3103091e-02
   2.2185603e-02
   2.1304473e-02
   2.0458268e-02
   1.9645609e-02
   1.8865173e-02
   1.8115688e-02
   1.7395931e-02
   1.6704727e-02
   1.6040947e-02
   1.5403508e-02
   1.4791367e-02
   1.4203523e-02
   1.3639015e-02
   1.3096918e-02
   1.2576345e-02
   1.2076444e-02
   1.1596394e-02
   1.1135411e-02
   1.0692737e-02
   1.0267647e-02
   9.8594441e-03
   9.4674580e-03
   9.0910457e-03
   8.7295894e-03
   8.3824956e-03
   8.0491944e-03
   7.7291385e-03
   7.4218020e-03
   7.1266801e-03
   6.8432879e-03
   6.5711596e-03
   6.3098480e-03
   6.0589236e-03
   5.8179737e-03
   5.5866023e-03
   5.3644289e-03
   5.1510880e-03
   4.9462289e-03
   4.7495144e-03
   4.5606211e-03
   4.3792382e-03
   4.2050672e-03
   4.0378215e-03
   3.8772259e-03
   3.7230162e-03
   3.5749385e-03
   3.4327491e-03
   3.2962140e-03
   3.1651084e-03
   3.0392165e-03
   2.9183311e-03
   2.8022530e-03
   2.6907913e-03
   2.5837623e-03
   2.4809899e-03
   2.3823047e-03
   2.2875444e-03
   2.1965529e-03
   2.1091803e-03
   2.0252826e-03
   1.9447219e-03
   1.8673652e-03
   1.7930853e-03
   1.7217598e-03
   1.6532713e-03
   1.5875068e-03
   1.5243581e-03
   1.4637211e-03
   1.4054960e-03
   1.3495869e-03
   1.2959016e-03
   1.2443517e-03
   1.1948522e-03
   1.1473217e-03
   1.1016818e-03
   1.0578573e-03
   1.0157760e-03
   9.7536867e-04
   9.3656860e-04
   8.9931192e-04
   8.6353723e-04
   8.2918560e-04
   7.9620041e-04
   7.6452733e-04
   7.3411416e-04
   7.0491078e-04
   6.7686909e-04
   6.4994286e-04
   6.2408774e-04
   5.9926112e-04
   5.7542208e-04
   5.5253135e-04
   5.3055120e-04
   5.0944541e-04
   4.8917921e-04
   4.6971919e-04
   4.5103329e-04
   4.3309072e-04
   4.1586190e-04
   3.9931845e-04
   3.8343310e-04
   3.6817968e-04
   3.5353305e-04
   3.3946906e-04
   3.2596455e-04
   3.1299725e-04
   3.0054580e-04
   2.8858968e-04
   2.7710918e-04
   2.6608539e-04
   2.5550013e-04
   2.4533596e-04
   2.3557613e-04
   2.2620456e-04
   2.1720580e-04
   2.0856502e-04
   2.0026798e-04
   1.9230100e-04
   1.8465096e-04
   1.7730525e-04
   1.7025176e-04
   1.6347886e-04
   1.5697540e-04
   1.5073066e-04
   1.4473434e-04
   1.3897656e-04
   1.3344784e-04
   1.2813905e-04
   1.2304146e-04
   1.1814666e-04
   1.1344657e-04
   1.0893347e-04
   1.0459990e-04
   1.0043873e-04
   9.6443100e-05
   9.2606420e-05
   8.8922369e-05
   8.5384876e-05
   8.1988110e-05
   7.8726473e-05
   7.5594589e-05
   7.2587297e-05
   6.9699640e-05
   6.6926859e-05
   6.4264384e-05
   6.1707827e-05
   5.9252974e-05
   5.6895780e-05
   5.4632358e-05
   5.2458980e-05
   5.0372063e-05
   4.8368166e-05
   4.6443989e-05
   4.4596358e-05
   4.2822230e-05
   4.1118680e-05
   3.9482900e-05
   3.7912194e-05
   3.6403974e-05
   3.4955754e-05
   3.3565147e-05
   3.2229860e-05
   3.0947694e-05
   2.9716535e-05
   2.8534354e-05
   2.7399202e-05
   2.6309208e-05
   2.5262576e-05
   2.4257582e-05
   2.3292568e-05
   2.2365944e-05
   2.1476183e-05
   2.0621818e-05
   1.9801442e-05
   1.9013702e-05
   1.8257300e-05
   1.7530988e-05
   1.6833571e-05
   1.6163898e-05
   1.5520867e-05
   1.4903416e-05
   1.4310529e-05
   1.3741228e-05
   1.3194575e-05
   1.2669668e-05
   1.2165644e-05
   1.1681670e-05
   1.1216951e-05
   1.0770718e-05
   1.0342238e-05
   9.9308028e-06
   9.5357358e-06
   9.1563853e-06
   8.7921261e-06
   8.4423579e-06
   8.1065041e-06
   7.7840113e-06
   7.4743479e-06
   7.1770035e-06
   6.8914880e-06
   6.6173309e-06
   6.3540803e-06
   6.1013023e-06
   5.8585804e-06
   5.6255144e-06
   5.4017202e-06
   5.1868290e-06
   4.9804866e-06
   4.7823530e-06
   4.5921014e-06
   4.4094185e-06
   4.2340030e-06
   4.0655659e-06
   3.9038296e-06
   3.7485275e-06
   3.5994036e-06
   3.4562121e-06
   3.3187171e-06
   3.1866919e-06
   3.0599189e-06
   2.9381892e-06
   2.8213022e-06
   2.7090652e-06
   2.6012931e-06
   2.4978085e-06
   2.3984407e-06
   2.3030259e-06
   2.2114070e-06
   2.1234328e-06
   2.0389584e-06
   1.9578445e-06
   1.8799576e-06
   1.8051691e-06
   1.7333558e-06
   1.6643995e-06
   1.5981863e-06
   1.5346073e-06
   1.4735575e-06
   1.4149365e-06
   1.3586475e-06
   1.3045978e-06
   1.2526982e-06
   1.2028634e-06
   1.1550111e-06
   1.1090624e-06
   1.0649417e-06
   1.0225762e-06
   9.8189608e-07
   9.4283428e-07
   9.0532645e-07
   8.6931075e-07
   8.3472783e-07
   8.0152069e-07
   7.6963459e-07
   7.3901698e-07
   7.0961741e-07
   6.8138741e-07
   6.5428045e-07
   6.2825186e-07
   6.0325875e-07
   5.7925991e-07
   5.5621579e-07
   5.3408841e-07
   5.1284130e-07
   4.9243945e-07
   4.7284922e-07
   4.5403833e-07
   4.3597578e-07
   4.1863179e-07
   4.0197778e-07
   3.8598630e-07
   3.7063099e-07
   3.5588655e-07
   3.4172867e-07
   3.2813402e-07
   3.1508019e-07
   3.0254567e-07
   2.9050979e-07
   2.7895273e-07
   2.6785543e-07
   2.5719961e-07
   2.4696769e-07
   2.3714282e-07
   2.2770881e-07
   2.1865009e-07
   2.0995176e-07
   2.0159945e-07
   1.9357942e-07
   1.8587845e-07
   1.7848383e-07
   1.7138339e-07
   1.6456541e-07
   1.5801867e-07
   1.5173237e-07
   1.4569615e-07
   1.3990007e-07
   1.3433456e-07
   1.2899046e-07
   1.2385897e-07
   1.1893161e-07
   1.1420027e-07
   1.0965715e-07
   1.0529477e-07
   1.0110594e-07
   9.7083739e-08
   9.3221554e-08
   8.9513013e-08
   8.5952006e-08
   8.2532663e-08
   7.9249349e-08
   7.6096651e-08
   7.3069374e-08
   7.0162528e-08
   6.7371322e-08
   6.4691155e-08
   6.2117612e-08
   5.9646449e-08
   5.7273593e-08
   5.4995135e-08
   5.2807318e-08
   5.0706538e-08
   4.8689330e-08
   4.6752371e-08
   4.4892468e-08
   4.3106555e-08
   4.1391690e-08
   3.9745046e-08
   3.8163908e-08
   3.6645672e-08
   3.5187833e-08
   3.3787991e-08
   3.2443837e-08
   3.1153156e-08
   2.9913821e-08
   2.8723789e-08
   2.7581099e-08
   2.6483868e-08
   2.5430287e-08
   2.4418619e-08
   2.3447197e-08
   2.2514421e-08
   2.1618752e-08
   2.0758715e-08
   1.9932892e-08
   1.9139921e-08
   1.8378497e-08
   1.7647363e-08
   1.6945316e-08
   1.6271197e-08
   1.5623896e-08
   1.5002347e-08
   1.4405523e-08
   1.3832443e-08
   1.3282160e-08
   1.2753769e-08
   1.2246399e-08
   1.1759213e-08
   1.1291408e-08
   1.0842213e-08
   1.0410888e-08
   9.9967218e-09
   9.5990322e-09
   9.2171634e-09
   8.8504862e-09
   8.4983961e-09
   8.1603129e-09
   7.8356793e-09
   7.5239603e-09
   7.2246421e-09
   6.9372314e-09
   6.6612544e-09
   6.3962563e-09
   6.1418004e-09
   5.8974673e-09
   5.6628542e-09
   5.4375746e-09
   5.2212570e-09
   5.0135449e-09
   4.8140960e-09
   4.6225816e-09
   4.4386861e-09
   4.2621063e-09
   4.0925512e-09
   3.9297413e-09
   3.7734082e-09
   3.6232946e-09
   3.4791526e-09
   3.3407450e-09
   3.2078434e-09
   3.0802290e-09
   2.9576913e-09
   2.8400284e-09
   2.7270464e-09
   2.6185590e-09
   2.5143875e-09
   2.4143601e-09
   2.3183120e-09
   2.2260849e-09
   2.1375268e-09
   2.0524917e-09
   1.9708395e-09
   1.8924356e-09
   1.8171507e-09
   1.7448608e-09
   1.6754467e-09
   1.6087941e-09
   1.5447930e-09
   1.4833381e-09
   1.4243279e-09
   1.3676653e-09
   1.3132569e-09
   1.2610128e-09
   1.2108472e-09
   1.1626773e-09
   1.1164237e-09
   1.0720101e-09
   1.0293634e-09
   9.8841326e-10
   9.4909219e-10
   9.1133540e-10
   8.7508069e-10
   8.4026822e-10
   8.0684064e-10
   7.7474291e-10
   7.4392210e-10
   7.1432738e-10
   6.8591002e-10
   6.5862312e-10
   6.3242178e-10
   6.0726276e-10
   5.8310463e-10
   5.5990756e-10
   5.3763334e-10
   5.1624524e-10
   4.9570792e-10
   4.7598767e-10
   4.5705193e-10
   4.3886950e-10
   4.2141037e-10
   4.0464583e-10
   3.8854824e-10
   3.7309099e-10
   3.5824870e-10
   3.4399684e-10
   3.3031197e-10
   3.1717149e-10
   3.0455378e-10
   2.9243804e-10
   2.8080422e-10
   2.6963330e-10
   2.5890673e-10
   2.4860691e-10
   2.3871683e-10
   2.2922020e-10
   2.2010135e-10
   2.1134529e-10
   2.0293755e-10
   1.9486427e-10
   1.8711221e-10
   1.7966848e-10
   1.7252092e-10
   1.6565769e-10
   1.5906751e-10
   1.5273948e-10
   1.4666319e-10
   1.4082865e-10
   1.3522620e-10
   1.2984662e-10
   1.2468107e-10
   1.1972103e-10
   1.1495826e-10
   1.1038502e-10
   1.0599368e-10
   1.0177702e-10
   9.7728137e-11
   9.3840322e-11
   9.0107163e-11
   8.6522520e-11
   8.3080479e-11
   7.9775373e-11
   7.6601759e-11
   7.3554379e-11
   7.0628248e-11
   6.7818507e-11
   6.5120557e-11
   6.2529950e-11
   6.0042360e-11
   5.7653751e-11
   5.5360165e-11
   5.3157852e-11
   5.1043134e-11
   4.9012534e-11
   4.7062713e-11
   4.5190454e-11
   4.3392682e-11
   4.1666440e-11
   4.0008873e-11
   3.8417248e-11
   3.6888927e-11
   3.5421410e-11
   3.4012273e-11
   3.2659216e-11
   3.1359946e-11
   3.0112394e-11
   2.8914470e-11
   2.7764179e-11
   2.6659695e-11
   2.5599111e-11
   2.4580721e-11
   2.3602852e-11
   2.2663884e-11
   2.1762262e-11
   2.0896539e-11
   2.0065231e-11
   1.9266991e-11
   1.8500507e-11
   1.7764510e-11
   1.7057825e-11
   1.6379229e-11
   1.5727633e-11
   1.5101959e-11
   1.4501161e-11
   1.3924286e-11
   1.3370364e-11
   1.2838457e-11
   1.2327722e-11
   1.1837286e-11
   1.1366370e-11
   1.0914206e-11
   1.0480022e-11
   1.0063100e-11
   9.6627788e-12
   9.2783704e-12
   8.9092690e-12
   8.5548247e-12
   8.2145001e-12
   7.8877157e-12
   7.5739104e-12
   7.2726332e-12
   6.9833125e-12
   6.7054987e-12
   6.4387475e-12
   6.1825972e-12
   5.9366430e-12
   5.7004905e-12
   5.4736808e-12
   5.2559376e-12
   5.0468291e-12
   4.8460731e-12
   4.6533020e-12
   4.4681729e-12
   4.2904151e-12
   4.1197402e-12
   3.9558631e-12
   3.7984879e-12
   3.6473800e-12
   3.5022693e-12
   3.3629427e-12
   3.2291619e-12
   3.1006888e-12
   2.9773544e-12
   2.8589108e-12
   2.7451566e-12
   2.6359639e-12
   2.5311111e-12
   2.4304159e-12
   2.3337200e-12
   2.2408711e-12
   2.1517288e-12
   2.0661301e-12
   1.9839607e-12
   1.9050211e-12
   1.8292311e-12
   1.7564779e-12
   1.6865980e-12
   1.6194938e-12
   1.5550780e-12
   1.4932109e-12
   1.4338020e-12
   1.3767552e-12
   1.3219929e-12
   1.2694005e-12
   1.2189078e-12
   1.1704116e-12
   1.1238536e-12
   1.0791456e-12
   1.0362144e-12
   9.9501154e-13
   9.5541227e-13
   9.1740135e-13
   8.8090561e-13
   8.4586223e-13
   8.1221642e-13
   7.7990479e-13
   7.4885920e-13
   7.1907797e-13
   6.9047817e-13
   6.6300900e-13
   6.3663467e-13
   6.1129665e-13
   5.8697530e-13
   5.6364770e-13
   5.4122538e-13
   5.1968443e-13
   4.9900544e-13
   4.7916259e-13
   4.6010408e-13
   4.4180155e-13
   4.2422781e-13
   4.0733946e-13
   3.9112744e-13
   3.7556576e-13
   3.6064090e-13
   3.4628377e-13
   3.3251344e-13
   3.1928646e-13
   3.0656737e-13
   2.9438644e-13
   2.8267211e-13
   2.7144281e-13
   2.6064028e-13
   2.5025986e-13
   2.4031171e-13
   2.3075136e-13
   2.2156575e-13
   2.1276253e-13
   2.0427788e-13
   1.9616551e-13
   1.8835917e-13
   1.8088334e-13
   1.7366821e-13
   1.6676828e-13
   1.6010822e-13
   1.5377827e-13
   1.4764665e-13
   1.4176758e-13
   1.3612060e-13
   1.3071236e-13
   1.2552837e-13
   1.2052291e-13
   1.1573269e-13
   1.1112375e-13
   1.0669966e-13
   1.0246322e-13
   9.8405539e-14
   9.4470452e-14
   9.0702595e-14
   8.7117504e-14
   8.3648938e-14
   8.0318423e-14
   7.7106605e-14
   7.4067681e-14
   7.1114647e-14
   6.8282232e-14
   6.5549989e-14
   6.2952592e-14
   6.0432650e-14
   5.8053651e-14
   5.5743627e-14
   5.3536853e-14
   5.1396220e-14
   4.9364675e-14
   4.7383218e-14
   4.5483498e-14
   4.3683723e-14
   4.1963171e-14
   4.0279332e-14
   3.8665794e-14
   3.7151434e-14
   3.5675424e-14
   3.4227726e-14
   3.2888846e-14
   3.1582538e-14
   3.0330363e-14
   2.9110660e-14
   2.7948860e-14
   2.6848706e-14
   2.5785404e-14
   2.4743625e-14
   2.3759647e-14
   2.2836012e-14
   2.1926223e-14
   2.1031401e-14
   2.0216909e-14
   1.9399860e-14
   1.8619554e-14
   1.7865025e-14
   1.7172184e-14
   1.6468413e-14
   1.5828751e-14
   1.5221967e-14
   1.4620001e-14
   1.4024474e-14
   1.3470931e-14
   1.2921475e-14
   1.2399199e-14
   1.1916878e-14
   1.1441098e-14
   1.0973731e-14
   1.0532054e-14
   1.0127348e-14
   9.7384828e-15
   9.3231602e-15
   8.9561822e-15
   8.6014583e-15
   8.2552942e-15
   7.9499287e-15
   7.6275222e-15
   7.3357363e-15
   7.0214180e-15
   6.7381322e-15
   6.4855239e-15
   6.2307256e-15
   5.9809688e-15
   5.7008001e-15
   5.4996589e-15
   5.2794032e-15
   5.0730362e-15
   4.8637743e-15
   4.6779800e-15
   4.4660835e-15
   4.2935219e-15
   4.1414788e-15
   3.9714868e-15
   3.7961116e-15
   3.6521350e-15
   3.4953269e-15
   3.3721506e-15
   3.2426752e-15
   3.1185666e-15
   2.9566410e-15
   2.8420950e-15
   2.7458721e-15
   2.6344161e-15
   2.5121506e-15
   2.4208608e-15
   2.3160673e-15
   2.2390022e-15
   2.1521738e-15
   2.0680723e-15
   1.9729661e-15
   1.8877911e-15
   1.8237582e-15
   1.7432887e-15
   1.6848935e-15
   1.6142903e-15
   1.5360109e-15
   1.4752522e-15
   1.4232322e-15
   1.3623651e-15
   1.3111907e-15
   1.2696658e-15
   1.1937066e-15
   1.1447223e-15
   1.1046285e-15
   1.0652720e-15
   1.0127749e-15
   9.5828293e-16
   9.3013704e-16
   8.9624488e-16
   8.7985175e-16
   8.4064700e-16
   7.6800545e-16
   7.5347714e-16
   7.3391813e-16
   6.9883335e-16
   6.6298963e-16
   6.6105975e-16
   6.0899636e-16
   5.9555225e-16
   5.7670882e-16
   5.5216248e-16
   5.1148322e-16
   4.8927876e-16
   4.8286028e-16
   4.4903317e-16
   4.5345672e-16
   4.1997655e-16
   3.8840459e-16
   3.8745049e-16
   3.6672054e-16
   3.6099596e-16
   3.4560028e-16
   3.3657972e-16
   3.0422713e-16
   2.9438257e-16
   2.9186722e-16
   2.7339242e-16
   2.6714742e-16
   2.3678975e-16
   2.4528990e-16
   2.2707530e-16
   2.2655489e-16
   2.1285057e-16
   1.9879931e-16
   1.9550334e-16
   1.7069679e-16
   1.6341095e-16
   1.5530112e-16
   1.4363510e-16
   1.3869114e-16
   1.3071141e-16
   1.1995613e-16
   1.2975732e-16
   1.2125717e-16
   9.8011876e-17
   1.1397133e-16
   9.4368957e-17
   9.8185349e-17
   8.9164787e-17
   8.3266727e-17
   9.3675068e-17
   8.1878948e-17
   7.4246165e-17
   6.7654216e-17
   6.5138867e-17
   4.8485521e-17
   4.4929338e-17
   5.1347815e-17
   4.0592529e-17
   5.4817262e-17
   2.8102520e-17
   4.7531423e-17
   3.0878078e-17
   2.2898350e-17
   3.1225023e-17
   2.6367797e-17
   3.1225023e-17
   1.1796120e-17
   1.0408341e-17
   3.2959746e-18
   1.8214596e-17
   4.6837534e-18
   8.3266727e-18
  -6.9388939e-19
   1.7347235e-18
   1.3877788e-18
  -1.7347235e-17
   1.3877788e-18
  -1.1796120e-17
  -1.5265567e-17
  -8.3266727e-18
  -4.1633363e-18
   2.7755576e-18
  -1.2490009e-17
  -2.7755576e-18
  -1.8561541e-17
  -1.4918622e-17
  -1.6306401e-17
  -2.9143354e-17
  -2.2204460e-17
  -1.5959456e-17
  -1.5265567e-17
  -3.0531133e-17
  -4.1633363e-18
  -1.5265567e-17
  -3.6082248e-17
  -1.8041124e-17
  -5.5511151e-18
   0.0000000e+00
  -2.7755576e-17
  -1.1102230e-17
  -3.1571967e-17
  -2.1163626e-17
  -3.4694470e-17
  -2.6367797e-17
  -3.3306691e-17
  -2.2204460e-17
  -1.1102230e-17
  -5.5511151e-17
  -1.1102230e-17
  -3.8857806e-17
  -5.2735594e-17
  -4.4408921e-17
  -2.4980018e-17
  -1.3877788e-17
  -3.3306691e-17
  -2.2204460e-17
  -4.7184479e-17
  -4.4408921e-17
  -3.7470027e-17
  -4.7184479e-17
  -4.3021142e-17
  -3.0531133e-17
  -2.2204460e-17
  -3.6082248e-17
  -1.3877788e-17
  -2.7755576e-17
  -7.2164497e-17
  -1.6653345e-17
  -3.3306691e-17
  -3.3306691e-17
  -2.7755576e-17
  -1.6653345e-17
  -2.8449465e-17
  -1.9428903e-17
  -4.5796700e-17
  -6.1062266e-17
  -4.9960036e-17
  -4.4408921e-17
  -1.6653345e-17
  -4.9960036e-17
  -1.6653345e-17
  -3.8857806e-17
  -6.6613381e-17
  -2.2204460e-17
  -2.2204460e-17
  -4.9960036e-17
  -1.1102230e-17
   0.0000000e+00
  -2.0816682e-18
  -2.1510571e-17
   0.0000000e+00
  -4.3021142e-17
   0.0000000e+00
  -4.7184479e-17
  -2.2204460e-17
  -2.7755576e-18
   4.7184479e-17
   2.7755576e-18
  -4.4408921e-17
   5.5511151e-18
  -2.2204460e-17
  -2.2204460e-17
   1.1102230e-17
   5.5511151e-18
