   0.0000000e+00
   0.0000000e+00
   0.0000000e+00
  -2.7755576e-17
   0.0000000e+00
   0.0000000e+00
   0.0000000e+00
  -2.7755576e-17
   0.0000000e+00
   0.0000000e+00
  -5.5511151e-17
  -2.7755576e-17
  -5.5511151e-17
  -2.7755576e-17
   0.0000000e+00
  -2.7755576e-17
   2.6020852e-18
  -2.8622937e-17
   0.0000000e+00
  -5.7245875e-17
   0.0000000e+00
  -5.2041704e-17
  -2.7755576e-17
   3.4694470e-18
   5.2041704e-17
  -3.4694470e-18
  -5.5511151e-17
  -6.9388939e-18
  -2.7755576e-17
  -2.7755576e-17
  -1.3877788e-17
  -6.9388939e-18
  -1.9949320e-17
  -3.1225023e-17
  -5.3776428e-17
  -9.0205621e-17
  -4.8572257e-17
  -5.5511151e-17
  -3.4694470e-17
  -4.8572257e-17
  -3.4694470e-17
  -6.2450045e-17
  -8.3266727e-17
  -2.7755576e-17
  -2.7755576e-17
  -4.8572257e-17
  -4.1633363e-17
   0.0000000e+00
  -5.2041704e-17
  -5.5511151e-17
  -3.6429193e-17
  -5.2041704e-17
  -5.7245875e-17
  -1.7347235e-17
  -2.7755576e-17
  -3.8163916e-17
  -3.8163916e-17
  -4.8572257e-17
  -7.6327833e-17
  -3.4694470e-17
  -4.1633363e-17
  -4.1633363e-17
  -2.0816682e-17
  -3.4694470e-17
  -2.9923980e-17
  -1.5178830e-17
  -2.6020852e-17
  -3.6429193e-17
  -1.3877788e-17
  -2.7755576e-17
  -1.3877788e-17
  -4.1633363e-17
   0.0000000e+00
  -3.4694470e-17
  -3.1225023e-17
  -4.1633363e-17
  -2.4286129e-17
   3.4694470e-18
  -1.3877788e-17
   0.0000000e+00
  -4.5536491e-18
  -2.2985086e-17
  -7.3725748e-18
  -1.2143064e-17
  -6.9388939e-18
   1.3010426e-17
  -1.7347235e-18
  -3.4694470e-18
  -1.7347235e-18
  -1.7347235e-18
  -3.4694470e-18
  -5.2041704e-18
   3.4694470e-17
   2.7755576e-17
   6.9388939e-18
   2.7755576e-17
   1.6696713e-17
   8.4567769e-18
   2.8839778e-17
   2.0816682e-17
   4.5970172e-17
   5.3342747e-17
   4.6837534e-17
   2.1684043e-17
   6.0715322e-17
   4.9439619e-17
   4.6837534e-17
   7.2858386e-17
   7.4593109e-17
   7.2858386e-17
   6.4184769e-17
   8.6736174e-17
   1.1319071e-16
   7.8170977e-17
   9.2048764e-17
   9.6493993e-17
   1.2316537e-16
   1.3314003e-16
   1.3270635e-16
   1.3834420e-16
   1.5569143e-16
   1.3140530e-16
   1.7260499e-16
   1.8301333e-16
   1.6479873e-16
   1.7954388e-16
   1.7260499e-16
   2.1597307e-16
   2.2567668e-16
   2.3505503e-16
   2.3776554e-16
   2.5294437e-16
   2.8373571e-16
   2.6974950e-16
   2.9772192e-16
   2.8861462e-16
   3.2417645e-16
   3.4174052e-16
   3.6299089e-16
   3.6385825e-16
   3.6082248e-16
   3.8771070e-16
   4.1112946e-16
   4.5016074e-16
   4.7872947e-16
   4.6658640e-16
   4.8013893e-16
   5.1239395e-16
   5.6237567e-16
   5.9414279e-16
   5.9674488e-16
   6.2775306e-16
   6.6396541e-16
   6.5811072e-16
   7.2641546e-16
   7.4961738e-16
   7.4983422e-16
   7.9472019e-16
   8.2746310e-16
   8.8167321e-16
   9.1075693e-16
   9.5350160e-16
   9.8648845e-16
   1.0353860e-15
   1.0997063e-15
   1.1542416e-15
   1.1664931e-15
   1.2111622e-15
   1.2755639e-15
   1.3304245e-15
   1.4029576e-15
   1.4417720e-15
   1.5016200e-15
   1.5630943e-15
   1.6163286e-15
   1.6833323e-15
   1.7879578e-15
   1.8461524e-15
   1.9135626e-15
   2.0036327e-15
   2.1164169e-15
   2.1968375e-15
   2.2741683e-15
   2.3596305e-15
   2.4748270e-15
   2.5794254e-15
   2.6927245e-15
   2.7976753e-15
   2.9006203e-15
   3.0319714e-15
   3.1663582e-15
   3.2828558e-15
   3.4333295e-15
   3.5754142e-15
   3.7029367e-15
   3.8816674e-15
   4.0660970e-15
   4.2302045e-15
   4.3779271e-15
   4.5518331e-15
   4.7594849e-15
   4.9666488e-15
   5.1751680e-15
   5.3819254e-15
   5.5844001e-15
   5.8178831e-15
   6.0703666e-15
   6.3370533e-15
   6.5998097e-15
   6.8702707e-15
   7.1385565e-15
   7.4352484e-15
   7.7924321e-15
   8.0848278e-15
   8.4247727e-15
   8.7640127e-15
   9.1380489e-15
   9.5195932e-15
   9.9352492e-15
   1.0322404e-14
   1.0747940e-14
   1.1192748e-14
   1.1672765e-14
   1.2157728e-14
   1.2648279e-14
   1.3173680e-14
   1.3714473e-14
   1.4308995e-14
   1.4893584e-14
   1.5529099e-14
   1.6149920e-14
   1.6822650e-14
   1.7507873e-14
   1.8246852e-14
   1.9015320e-14
   1.9786270e-14
   2.0597971e-14
   2.1469832e-14
   2.2359461e-14
   2.3292444e-14
   2.4234769e-14
   2.5254723e-14
   2.6279339e-14
   2.7379430e-14
   2.8543403e-14
   2.9706203e-14
   3.0960106e-14
   3.2192644e-14
   3.3547523e-14
   3.4959689e-14
   3.6382627e-14
   3.7883853e-14
   3.9452721e-14
   4.1100309e-14
   4.2806782e-14
   4.4593513e-14
   4.6429711e-14
   4.8324109e-14
   5.0334872e-14
   5.2444861e-14
   5.4617322e-14
   5.6895862e-14
   5.9213356e-14
   6.1687177e-14
   6.4258181e-14
   6.6896878e-14
   6.9665744e-14
   7.2563678e-14
   7.5569910e-14
   7.8684451e-14
   8.1947832e-14
   8.5358427e-14
   8.8879369e-14
   9.2579410e-14
   9.6386300e-14
   1.0039888e-13
   1.0455904e-13
   1.0888532e-13
   1.1341030e-13
   1.1806809e-13
   1.2297910e-13
   1.2808782e-13
   1.3338058e-13
   1.3890569e-13
   1.4465882e-13
   1.5066137e-13
   1.5689856e-13
   1.6341501e-13
   1.7015051e-13
   1.7720929e-13
   1.8454393e-13
   1.9222513e-13
   2.0014379e-13
   2.0847415e-13
   2.1708771e-13
   2.2608898e-13
   2.3545106e-13
   2.4519062e-13
   2.5534380e-13
   2.6595134e-13
   2.7696438e-13
   2.8844051e-13
   3.0040737e-13
   3.1285147e-13
   3.2578572e-13
   3.3930348e-13
   3.5334300e-13
   3.6797845e-13
   3.8321322e-13
   3.9909492e-13
   4.1564998e-13
   4.3284494e-13
   4.5079581e-13
   4.6946376e-13
   4.8891209e-13
   5.0918175e-13
   5.3027740e-13
   5.5224527e-13
   5.7512474e-13
   5.9894176e-13
   6.2376551e-13
   6.4959221e-13
   6.7651550e-13
   7.0456468e-13
   7.3371781e-13
   7.6412833e-13
   7.9578444e-13
   8.2874240e-13
   8.6310370e-13
   8.9882347e-13
   9.3608261e-13
   9.7487715e-13
   1.0152621e-12
   1.0573474e-12
   1.1011296e-12
   1.1467574e-12
   1.1942470e-12
   1.2437348e-12
   1.2952759e-12
   1.3489352e-12
   1.4047981e-12
   1.4629957e-12
   1.5236244e-12
   1.5867501e-12
   1.6524833e-12
   1.7209390e-12
   1.7922380e-12
   1.8665018e-12
   1.9438327e-12
   2.0243808e-12
   2.1082247e-12
   2.1955621e-12
   2.2865245e-12
   2.3812730e-12
   2.4799386e-12
   2.5826760e-12
   2.6896558e-12
   2.8010850e-12
   2.9171583e-12
   3.0379977e-12
   3.1638572e-12
   3.2949428e-12
   3.4314677e-12
   3.5736253e-12
   3.7216926e-12
   3.8758784e-12
   4.0364528e-12
   4.2036684e-12
   4.3778342e-12
   4.5592148e-12
   4.7481059e-12
   4.9448212e-12
   5.1496594e-12
   5.3629968e-12
   5.5852151e-12
   5.8166292e-12
   6.0575745e-12
   6.3085311e-12
   6.5699260e-12
   6.8421273e-12
   7.1255760e-12
   7.4208029e-12
   7.7282264e-12
   8.0484057e-12
   8.3818631e-12
   8.7291224e-12
   9.0907760e-12
   9.4674107e-12
   9.8596258e-12
   1.0268115e-11
   1.0693533e-11
   1.1136578e-11
   1.1597954e-11
   1.2078448e-11
   1.2578873e-11
   1.3100015e-11
   1.3642761e-11
   1.4207998e-11
   1.4796604e-11
   1.5409617e-11
   1.6048051e-11
   1.6712929e-11
   1.7405363e-11
   1.8126465e-11
   1.8877427e-11
   1.9659507e-11
   2.0474025e-11
   2.1322292e-11
   2.2205632e-11
   2.3125614e-11
   2.4083745e-11
   2.5081535e-11
   2.6120653e-11
   2.7202846e-11
   2.8329842e-11
   2.9503567e-11
   3.0725878e-11
   3.1998865e-11
   3.3324605e-11
   3.4705246e-11
   3.6143073e-11
   3.7640469e-11
   3.9199939e-11
   4.0824000e-11
   4.2515331e-11
   4.4276756e-11
   4.6111157e-11
   4.8021547e-11
   5.0011104e-11
   5.2083066e-11
   5.4240870e-11
   5.6488054e-11
   5.8828369e-11
   6.1265628e-11
   6.3803906e-11
   6.6447300e-11
   6.9200231e-11
   7.2067196e-11
   7.5052960e-11
   7.8162422e-11
   8.1400686e-11
   8.4773120e-11
   8.8285304e-11
   9.1942966e-11
   9.5752187e-11
   9.9719232e-11
   1.0385059e-10
   1.0815315e-10
   1.1263395e-10
   1.1730039e-10
   1.2216019e-10
   1.2722129e-10
   1.3249208e-10
   1.3798123e-10
   1.4369784e-10
   1.4965128e-10
   1.5585133e-10
   1.6230828e-10
   1.6903274e-10
   1.7603581e-10
   1.8332902e-10
   1.9092438e-10
   1.9883438e-10
   2.0707213e-10
   2.1565115e-10
   2.2458562e-10
   2.3389025e-10
   2.4358037e-10
   2.5367196e-10
   2.6418161e-10
   2.7512673e-10
   2.8652526e-10
   2.9839604e-10
   3.1075864e-10
   3.2363344e-10
   3.3704160e-10
   3.5100533e-10
   3.6554753e-10
   3.8069223e-10
   3.9646438e-10
   4.1288992e-10
   4.2999605e-10
   4.4781085e-10
   4.6636373e-10
   4.8568530e-10
   5.0580730e-10
   5.2676300e-10
   5.4858690e-10
   5.7131489e-10
   5.9498461e-10
   6.1963494e-10
   6.4530649e-10
   6.7204168e-10
   6.9988450e-10
   7.2888083e-10
   7.5907847e-10
   7.9052721e-10
   8.2327893e-10
   8.5738749e-10
   8.9290919e-10
   9.2990261e-10
   9.6842864e-10
   1.0085508e-09
   1.0503352e-09
   1.0938508e-09
   1.1391692e-09
   1.1863653e-09
   1.2355165e-09
   1.2867042e-09
   1.3400126e-09
   1.3955296e-09
   1.4533466e-09
   1.5135590e-09
   1.5762661e-09
   1.6415710e-09
   1.7095816e-09
   1.7804099e-09
   1.8541726e-09
   1.9309913e-09
   2.0109926e-09
   2.0943084e-09
   2.1810760e-09
   2.2714383e-09
   2.3655445e-09
   2.4635494e-09
   2.5656147e-09
   2.6719086e-09
   2.7826062e-09
   2.8978900e-09
   3.0179502e-09
   3.1429843e-09
   3.2731987e-09
   3.4088080e-09
   3.5500355e-09
   3.6971141e-09
   3.8502862e-09
   4.0098043e-09
   4.1759312e-09
   4.3489408e-09
   4.5291181e-09
   4.7167603e-09
   4.9121765e-09
   5.1156889e-09
   5.3276328e-09
   5.5483575e-09
   5.7782270e-09
   6.0176200e-09
   6.2669311e-09
   6.5265712e-09
   6.7969682e-09
   7.0785678e-09
   7.3718341e-09
   7.6772505e-09
   7.9953204e-09
   8.3265680e-09
   8.6715391e-09
   9.0308025e-09
   9.4049503e-09
   9.7945991e-09
   1.0200391e-08
   1.0622995e-08
   1.1063108e-08
   1.1521454e-08
   1.1998790e-08
   1.2495902e-08
   1.3013610e-08
   1.3552766e-08
   1.4114259e-08
   1.4699016e-08
   1.5307998e-08
   1.5942211e-08
   1.6602700e-08
   1.7290553e-08
   1.8006904e-08
   1.8752933e-08
   1.9529870e-08
   2.0338996e-08
   2.1181645e-08
   2.2059204e-08
   2.2973121e-08
   2.3924901e-08
   2.4916114e-08
   2.5948393e-08
   2.7023440e-08
   2.8143026e-08
   2.9308996e-08
   3.0523273e-08
   3.1787858e-08
   3.3104834e-08
   3.4476373e-08
   3.5904736e-08
   3.7392275e-08
   3.8941444e-08
   4.0554795e-08
   4.2234987e-08
   4.3984790e-08
   4.5807088e-08
   4.7704884e-08
   4.9681305e-08
   5.1739611e-08
   5.3883192e-08
   5.6115582e-08
   5.8440461e-08
   6.0861659e-08
   6.3383169e-08
   6.6009145e-08
   6.8743915e-08
   7.1591988e-08
   7.4558056e-08
   7.7647010e-08
   8.0863939e-08
   8.4214146e-08
   8.7703153e-08
   9.1336710e-08
   9.5120806e-08
   9.9061678e-08
   1.0316582e-07
   1.0744000e-07
   1.1189126e-07
   1.1652693e-07
   1.2135466e-07
   1.2638241e-07
   1.3161845e-07
   1.3707143e-07
   1.4275032e-07
   1.4866449e-07
   1.5482369e-07
   1.6123806e-07
   1.6791818e-07
   1.7487506e-07
   1.8212016e-07
   1.8966543e-07
   1.9752330e-07
   2.0570673e-07
   2.1422919e-07
   2.2310475e-07
   2.3234801e-07
   2.4197423e-07
   2.5199927e-07
   2.6243964e-07
   2.7331256e-07
   2.8463594e-07
   2.9642846e-07
   3.0870954e-07
   3.2149943e-07
   3.3481920e-07
   3.4869082e-07
   3.6313714e-07
   3.7818197e-07
   3.9385011e-07
   4.1016738e-07
   4.2716069e-07
   4.4485802e-07
   4.6328856e-07
   4.8248268e-07
   5.0247202e-07
   5.2328952e-07
   5.4496949e-07
   5.6754766e-07
   5.9106125e-07
   6.1554901e-07
   6.4105130e-07
   6.6761016e-07
   6.9526935e-07
   7.2407446e-07
   7.5407298e-07
   7.8531434e-07
   8.1785003e-07
   8.5173368e-07
   8.8702113e-07
   9.2377055e-07
   9.6204249e-07
   1.0019001e-06
   1.0434089e-06
   1.0866375e-06
   1.1316570e-06
   1.1785417e-06
   1.2273689e-06
   1.2782189e-06
   1.3311757e-06
   1.3863265e-06
   1.4437622e-06
   1.5035774e-06
   1.5658709e-06
   1.6307451e-06
   1.6983070e-06
   1.7686681e-06
   1.8419442e-06
   1.9182562e-06
   1.9977297e-06
   2.0804959e-06
   2.1666911e-06
   2.2564573e-06
   2.3499425e-06
   2.4473009e-06
   2.5486928e-06
   2.6542853e-06
   2.7642526e-06
   2.8787758e-06
   2.9980437e-06
   3.1222528e-06
   3.2516080e-06
   3.3863223e-06
   3.5266178e-06
   3.6727258e-06
   3.8248870e-06
   3.9833522e-06
   4.1483826e-06
   4.3202502e-06
   4.4992383e-06
   4.6856418e-06
   4.8797679e-06
   5.0819367e-06
   5.2924814e-06
   5.5117488e-06
   5.7401004e-06
   5.9779126e-06
   6.2255773e-06
   6.4835027e-06
   6.7521138e-06
   7.0318534e-06
   7.3231826e-06
   7.6265814e-06
   7.9425499e-06
   8.2716089e-06
   8.6143006e-06
   8.9711899e-06
   9.3428650e-06
   9.7299384e-06
   1.0133048e-05
   1.0552858e-05
   1.0990061e-05
   1.1445377e-05
   1.1919556e-05
   1.2413380e-05
   1.2927663e-05
   1.3463253e-05
   1.4021031e-05
   1.4601918e-05
   1.5206870e-05
   1.5836885e-05
   1.6493001e-05
   1.7176299e-05
   1.7887905e-05
   1.8628992e-05
   1.9400782e-05
   2.0204547e-05
   2.1041610e-05
   2.1913351e-05
   2.2821208e-05
   2.3766675e-05
   2.4751313e-05
   2.5776742e-05
   2.6844652e-05
   2.7956805e-05
   2.9115032e-05
   3.0321242e-05
   3.1577423e-05
   3.2885645e-05
   3.4248064e-05
   3.5666924e-05
   3.7144565e-05
   3.8683421e-05
   4.0286027e-05
   4.1955025e-05
   4.3693165e-05
   4.5503312e-05
   4.7388447e-05
   4.9351677e-05
   5.1396237e-05
   5.3525496e-05
   5.5742962e-05
   5.8052290e-05
   6.0457284e-05
   6.2961907e-05
   6.5570285e-05
   6.8286717e-05
   7.1115678e-05
   7.4061829e-05
   7.7130024e-05
   8.0325318e-05
   8.3652976e-05
   8.7118478e-05
   9.0727536e-05
   9.4486094e-05
   9.8400345e-05
   1.0247674e-04
   1.0672198e-04
   1.1114308e-04
   1.1574731e-04
   1.2054225e-04
   1.2553581e-04
   1.3073620e-04
   1.3615201e-04
   1.4179213e-04
   1.4766587e-04
   1.5378290e-04
   1.6015329e-04
   1.6678754e-04
   1.7369656e-04
   1.8089174e-04
   1.8838493e-04
   1.9618846e-04
   2.0431518e-04
   2.1277847e-04
   2.2159227e-04
   2.3077109e-04
   2.4033003e-04
   2.5028485e-04
   2.6065191e-04
   2.7144829e-04
   2.8269175e-04
   2.9440081e-04
   3.0659473e-04
   3.1929358e-04
   3.3251826e-04
   3.4629052e-04
   3.6063303e-04
   3.7556938e-04
   3.9112414e-04
   4.0732291e-04
   4.2419232e-04
   4.4176013e-04
   4.6005522e-04
   4.7910768e-04
   4.9894883e-04
   5.1961129e-04
   5.4112904e-04
   5.6353744e-04
   5.8687332e-04
   6.1117503e-04
   6.3648251e-04
   6.6283733e-04
   6.9028278e-04
   7.1886395e-04
   7.4862777e-04
   7.7962312e-04
   8.1190089e-04
   8.4551406e-04
   8.8051779e-04
   9.1696954e-04
   9.5492909e-04
   9.9445873e-04
   1.0356233e-03
   1.0784902e-03
   1.1231299e-03
   1.1696153e-03
   1.2180228e-03
   1.2684316e-03
   1.3209243e-03
   1.3755868e-03
   1.4325086e-03
   1.4917828e-03
   1.5535065e-03
   1.6177805e-03
   1.6847100e-03
   1.7544042e-03
   1.8269772e-03
   1.9025475e-03
   1.9812383e-03
   2.0631781e-03
   2.1485006e-03
   2.2373449e-03
   2.3298558e-03
   2.4261841e-03
   2.5264864e-03
   2.6309262e-03
   2.7396733e-03
   2.8529044e-03
   2.9708036e-03
   3.0935622e-03
   3.2213796e-03
   3.3544629e-03
   3.4930279e-03
   3.6372990e-03
   3.7875096e-03
   3.9439027e-03
   4.1067309e-03
   4.2762571e-03
   4.4527548e-03
   4.6365085e-03
   4.8278139e-03
   5.0269788e-03
   5.2343233e-03
   5.4501801e-03
   5.6748954e-03
   5.9088290e-03
   6.1523551e-03
   6.4058628e-03
   6.6697566e-03
   6.9444570e-03
   7.2304009e-03
   7.5280426e-03
   7.8378544e-03
   8.1603267e-03
   8.4959695e-03
   8.8453124e-03
   9.2089058e-03
   9.5873213e-03
   9.9811528e-03
   1.0391017e-02
   1.0817554e-02
   1.1261429e-02
   1.1723332e-02
   1.2203981e-02
   1.2704118e-02
   1.3224515e-02
   1.3765974e-02
   1.4329325e-02
   1.4915429e-02
   1.5525181e-02
   1.6159508e-02
   1.6819369e-02
   1.7505761e-02
   1.8219715e-02
   1.8962299e-02
   1.9734622e-02
   2.0537829e-02
   2.1373108e-02
   2.2241686e-02
   2.3144835e-02
   2.4083869e-02
   2.5060148e-02
   2.6075076e-02
   2.7130106e-02
   2.8226739e-02
   2.9366522e-02
   3.0551055e-02
   3.1781988e-02
   3.3061021e-02
   3.4389909e-02
   3.5770458e-02
   3.7204530e-02
   3.8694039e-02
   4.0240956e-02
   4.1847306e-02
   4.3515170e-02
   4.5246684e-02
   4.7044040e-02
   4.8909484e-02
   5.0845317e-02
   5.2853896e-02
   5.4937629e-02
   5.7098974e-02
   5.9340443e-02
   6.1664594e-02
   6.4074031e-02
   6.6571403e-02
   6.9159398e-02
   7.1840743e-02
   7.4618196e-02
   7.7494544e-02
   8.0472599e-02
   8.3555191e-02
   8.6745159e-02
   9.0045349e-02
   9.3458603e-02
   9.6987751e-02
   1.0063560e-01
   1.0440493e-01
   1.0829848e-01
   1.1231892e-01
   1.1646886e-01
   1.2075083e-01
   1.2516725e-01
   1.2972044e-01
   1.3441257e-01
   1.3924567e-01
   1.4422158e-01
   1.4934194e-01
   1.5460819e-01
   1.6002150e-01
   1.6558277e-01
   1.7129262e-01
   1.7715130e-01
   1.8315873e-01
   1.8931441e-01
   1.9561740e-01
   2.0206634e-01
   2.0865930e-01
   2.1539387e-01
   2.2226702e-01
   2.2927511e-01
   2.3641384e-01
   2.4367822e-01
   2.5106251e-01
   2.5856019e-01
   2.6616394e-01
   2.7386555e-01
   2.8165597e-01
   2.8952519e-01
   2.9746229e-01
   3.0545533e-01
   3.1349143e-01
   3.2155667e-01
   3.2963614e-01
   3.3771389e-01
   3.4577301e-01
   3.5379558e-01
   3.6176273e-01
   3.6965468e-01
   3.7745079e-01
   3.8512964e-01
   3.9266908e-01
   4.0004635e-01
   4.0723818e-01
   4.1422091e-01
   4.2097064e-01
   4.2746335e-01
   4.3367512e-01
   4.3958225e-01
   4.4516148e-01
   4.5039018e-01
   4.5524652e-01
   4.5970972e-01
   4.6376022e-01
   4.6737989e-01
   4.7055222e-01
   4.7326248e-01
   4.7549792e-01
   4.7724789e-01
   4.7850397e-01
   4.7926008e-01
   4.7951252e-01
   4.7926008e-01
   4.7850397e-01
   4.7724789e-01
   4.7549792e-01
   4.7326248e-01
   4.7055222e-01
   4.6737989e-01
   4.6376022e-01
   4.5970972e-01
   4.5524652e-01
   4.5039018e-01
   4.4516148e-01
   4.3958225e-01
   4.3367512e-01
   4.2746335e-01
   4.2097064e-01
   4.1422091e-01
   4.0723818e-01
   4.0004635e-01
   3.9266908e-01
   3.8512964e-01
   3.7745079e-01
   3.6965468e-01
   3.6176273e-01
   3.5379558e-01
   3.4577301e-01
   3.3771389e-01
   3.2963614e-01
   3.2155667e-01
   3.1349143e-01
   3.0545533e-01
   2.9746229e-01
   2.8952519e-01
   2.8165597e-01
   2.7386555e-01
   2.6616394e-01
   2.5856019e-01
   2.5106251e-01
   2.4367822e-01
   2.3641384e-01
   2.2927511e-01
   2.2226702e-01
   2.1539387e-01
   2.0865930e-01
   2.0206634e-01
   1.9561740e-01
   1.8931441e-01
   1.8315873e-01
   1.7715130e-01
   1.7129262e-01
   1.6558277e-01
   1.6002150e-01
   1.5460819e-01
   1.4934194e-01
   1.4422158e-01
   1.3924567e-01
   1.3441257e-01
   1.2972044e-01
   1.2516725e-01
   1.2075083e-01
   1.1646886e-01
   1.1231892e-01
   1.0829848e-01
   1.0440493e-01
   1.0063560e-01
   9.6987751e-02
   9.3458603e-02
   9.0045349e-02
   8.6745159e-02
   8.3555191e-02
   8.0472599e-02
   7.7494544e-02
   7.4618196e-02
   7.1840743e-02
   6.9159398e-02
   6.6571403e-02
   6.4074031e-02
   6.1664594e-02
   5.9340443e-02
   5.7098974e-02
   5.4937629e-02
   5.2853896e-02
   5.0845317e-02
   4.8909484e-02
   4.7044040e-02
   4.5246684e-02
   4.3515170e-02
   4.1847306e-02
   4.0240956e-02
   3.8694039e-02
   3.7204530e-02
   3.5770458e-02
   3.4389909e-02
   3.3061021e-02
   3.1781988e-02
   3.0551055e-02
   2.9366522e-02
   2.8226739e-02
   2.7130106e-02
   2.6075076e-02
   2.5060148e-02
   2.4083869e-02
   2.3144835e-02
   2.2241686e-02
   2.1373108e-02
   2.0537829e-02
   1.9734622e-02
   1.8962299e-02
   1.8219715e-02
   1.7505761e-02
   1.6819369e-02
   1.6159508e-02
   1.5525181e-02
   1.4915429e-02
   1.4329325e-02
   1.3765974e-02
   1.3224515e-02
   1.2704118e-02
   1.2203981e-02
   1.1723332e-02
   1.1261429e-02
   1.0817554e-02
   1.0391017e-02
   9.9811528e-03
   9.5873213e-03
   9.2089058e-03
   8.8453124e-03
   8.4959695e-03
   8.1603267e-03
   7.8378544e-03
   7.5280426e-03
   7.2304009e-03
   6.9444570e-03
   6.6697566e-03
   6.4058628e-03
   6.1523551e-03
   5.9088290e-03
   5.6748954e-03
   5.4501801e-03
   5.2343233e-03
   5.0269788e-03
   4.8278139e-03
   4.6365085e-03
   4.4527548e-03
   4.2762571e-03
   4.1067309e-03
   3.9439027e-03
   3.7875096e-03
   3.6372990e-03
   3.4930279e-03
   3.3544629e-03
   3.2213796e-03
   3.0935622e-03
   2.9708036e-03
   2.8529044e-03
   2.7396733e-03
   2.6309262e-03
   2.5264864e-03
   2.4261841e-03
   2.3298558e-03
   2.2373449e-03
   2.1485006e-03
   2.0631781e-03
   1.9812383e-03
   1.9025475e-03
   1.8269772e-03
   1.7544042e-03
   1.6847100e-03
   1.6177805e-03
   1.5535065e-03
   1.4917828e-03
   1.4325086e-03
   1.3755868e-03
   1.3209243e-03
   1.2684316e-03
   1.2180228e-03
   1.1696153e-03
   1.1231299e-03
   1.0784902e-03
   1.0356233e-03
   9.9445873e-04
   9.5492909e-04
   9.1696954e-04
   8.8051779e-04
   8.4551406e-04
   8.1190089e-04
   7.7962312e-04
   7.4862777e-04
   7.1886395e-04
   6.9028278e-04
   6.6283733e-04
   6.3648251e-04
   6.1117503e-04
   5.8687332e-04
   5.6353744e-04
   5.4112904e-04
   5.1961129e-04
   4.9894883e-04
   4.7910768e-04
   4.6005522e-04
   4.4176013e-04
   4.2419232e-04
   4.0732291e-04
   3.9112414e-04
   3.7556938e-04
   3.6063303e-04
   3.4629052e-04
   3.3251826e-04
   3.1929358e-04
   3.0659473e-04
   2.9440081e-04
   2.8269175e-04
   2.7144829e-04
   2.6065191e-04
   2.5028485e-04
   2.4033003e-04
   2.3077109e-04
   2.2159227e-04
   2.1277847e-04
   2.0431518e-04
   1.9618846e-04
   1.8838493e-04
   1.8089174e-04
   1.7369656e-04
   1.6678754e-04
   1.6015329e-04
   1.5378290e-04
   1.4766587e-04
   1.4179213e-04
   1.3615201e-04
   1.3073620e-04
   1.2553581e-04
   1.2054225e-04
   1.1574731e-04
   1.1114308e-04
   1.0672198e-04
   1.0247674e-04
   9.8400345e-05
   9.4486094e-05
   9.0727536e-05
   8.7118478e-05
   8.3652976e-05
   8.0325318e-05
   7.7130024e-05
   7.4061829e-05
   7.1115678e-05
   6.8286717e-05
   6.5570285e-05
   6.2961907e-05
   6.0457284e-05
   5.8052290e-05
   5.5742962e-05
   5.3525496e-05
   5.1396237e-05
   4.9351677e-05
   4.7388447e-05
   4.5503312e-05
   4.3693165e-05
   4.1955025e-05
   4.0286027e-05
   3.8683421e-05
   3.7144565e-05
   3.5666924e-05
   3.4248064e-05
   3.2885645e-05
   3.1577423e-05
   3.0321242e-05
   2.9115032e-05
   2.7956805e-05
   2.6844652e-05
   2.5776742e-05
   2.4751313e-05
   2.3766675e-05
   2.2821208e-05
   2.1913351e-05
   2.1041610e-05
   2.0204547e-05
   1.9400782e-05
   1.8628992e-05
   1.7887905e-05
   1.7176299e-05
   1.6493001e-05
   1.5836885e-05
   1.5206870e-05
   1.4601918e-05
   1.4021031e-05
   1.3463253e-05
   1.2927663e-05
   1.2413380e-05
   1.1919556e-05
   1.1445377e-05
   1.0990061e-05
   1.0552858e-05
   1.0133048e-05
   9.7299384e-06
   9.3428650e-06
   8.9711899e-06
   8.6143006e-06
   8.2716089e-06
   7.9425499e-06
   7.6265814e-06
   7.3231826e-06
   7.0318534e-06
   6.7521138e-06
   6.4835027e-06
   6.2255773e-06
   5.9779126e-06
   5.7401004e-06
   5.5117488e-06
   5.2924814e-06
   5.0819367e-06
   4.8797679e-06
   4.6856418e-06
   4.4992383e-06
   4.3202502e-06
   4.1483826e-06
   3.9833522e-06
   3.8248870e-06
   3.6727258e-06
   3.5266178e-06
   3.3863223e-06
   3.2516080e-06
   3.1222528e-06
   2.9980437e-06
   2.8787758e-06
   2.7642526e-06
   2.6542853e-06
   2.5486928e-06
   2.4473009e-06
   2.3499425e-06
   2.2564573e-06
   2.1666911e-06
   2.0804959e-06
   1.9977297e-06
   1.9182562e-06
   1.8419442e-06
   1.7686681e-06
   1.6983070e-06
   1.6307451e-06
   1.5658709e-06
   1.5035774e-06
   1.4437622e-06
   1.3863265e-06
   1.3311757e-06
   1.2782189e-06
   1.2273689e-06
   1.1785417e-06
   1.1316570e-06
   1.0866375e-06
   1.0434089e-06
   1.0019001e-06
   9.6204249e-07
   9.2377055e-07
   8.8702113e-07
   8.5173368e-07
   8.1785003e-07
   7.8531434e-07
   7.5407298e-07
   7.2407446e-07
   6.9526935e-07
   6.6761016e-07
   6.4105130e-07
   6.1554901e-07
   5.9106125e-07
   5.6754766e-07
   5.4496949e-07
   5.2328952e-07
   5.0247202e-07
   4.8248268e-07
   4.6328856e-07
   4.4485802e-07
   4.2716069e-07
   4.1016738e-07
   3.9385011e-07
   3.7818197e-07
   3.6313714e-07
   3.4869082e-07
   3.3481920e-07
   3.2149943e-07
   3.0870954e-07
   2.9642846e-07
   2.8463594e-07
   2.7331256e-07
   2.6243964e-07
   2.5199927e-07
   2.4197423e-07
   2.3234801e-07
   2.2310475e-07
   2.1422919e-07
   2.0570673e-07
   1.9752330e-07
   1.8966543e-07
   1.8212016e-07
   1.7487506e-07
   1.6791818e-07
   1.6123806e-07
   1.5482369e-07
   1.4866449e-07
   1.4275032e-07
   1.3707143e-07
   1.3161845e-07
   1.2638241e-07
   1.2135466e-07
   1.1652693e-07
   1.1189126e-07
   1.0744000e-07
   1.0316582e-07
   9.9061678e-08
   9.5120806e-08
   9.1336710e-08
   8.7703153e-08
   8.4214146e-08
   8.0863939e-08
   7.7647010e-08
   7.4558056e-08
   7.1591988e-08
   6.8743915e-08
   6.6009145e-08
   6.3383169e-08
   6.0861659e-08
   5.8440461e-08
   5.6115582e-08
   5.3883192e-08
   5.1739611e-08
   4.9681305e-08
   4.7704884e-08
   4.5807088e-08
   4.3984790e-08
   4.2234987e-08
   4.0554795e-08
   3.8941444e-08
   3.7392275e-08
   3.5904736e-08
   3.4476373e-08
   3.3104834e-08
   3.1787858e-08
   3.0523273e-08
   2.9308996e-08
   2.8143026e-08
   2.7023440e-08
   2.5948393e-08
   2.4916114e-08
   2.3924901e-08
   2.2973121e-08
   2.2059204e-08
   2.1181645e-08
   2.0338996e-08
   1.9529870e-08
   1.8752933e-08
   1.8006904e-08
   1.7290553e-08
   1.6602700e-08
   1.5942212e-08
   1.5307998e-08
   1.4699016e-08
   1.4114259e-08
   1.3552766e-08
   1.3013610e-08
   1.2495902e-08
   1.1998790e-08
   1.1521454e-08
   1.1063108e-08
   1.0622995e-08
   1.0200391e-08
   9.7945991e-09
   9.4049503e-09
   9.0308025e-09
   8.6715391e-09
   8.3265679e-09
   7.9953203e-09
   7.6772505e-09
   7.3718341e-09
   7.0785678e-09
   6.7969682e-09
   6.5265712e-09
   6.2669311e-09
   6.0176200e-09
   5.7782270e-09
   5.5483576e-09
   5.3276328e-09
   5.1156889e-09
   4.9121766e-09
   4.7167603e-09
   4.5291182e-09
   4.3489407e-09
   4.1759312e-09
   4.0098043e-09
   3.8502862e-09
   3.6971141e-09
   3.5500355e-09
   3.4088080e-09
   3.2731988e-09
   3.1429844e-09
   3.0179501e-09
   2.8978901e-09
   2.7826062e-09
   2.6719085e-09
   2.5656146e-09
   2.4635494e-09
   2.3655445e-09
   2.2714383e-09
   2.1810760e-09
   2.0943084e-09
   2.0109926e-09
   1.9309913e-09
   1.8541726e-09
   1.7804099e-09
   1.7095816e-09
   1.6415711e-09
   1.5762661e-09
   1.5135590e-09
   1.4533466e-09
   1.3955296e-09
   1.3400126e-09
   1.2867042e-09
   1.2355166e-09
   1.1863652e-09
   1.1391692e-09
   1.0938509e-09
   1.0503353e-09
   1.0085508e-09
   9.6842864e-10
   9.2990263e-10
   8.9290922e-10
   8.5738752e-10
   8.2327890e-10
   7.9052723e-10
   7.5907845e-10
   7.2888079e-10
   6.9988445e-10
   6.7204167e-10
   6.4530654e-10
   6.1963490e-10
   5.9498459e-10
   5.7131492e-10
   5.4858687e-10
   5.2676297e-10
   5.0580728e-10
   4.8568530e-10
   4.6636374e-10
   4.4781088e-10
   4.2999605e-10
   4.1288996e-10
   3.9646436e-10
   3.8069223e-10
   3.6554754e-10
   3.5100528e-10
   3.3704162e-10
   3.2363341e-10
   3.1075863e-10
   2.9839604e-10
   2.8652525e-10
   2.7512669e-10
   2.6418161e-10
   2.5367193e-10
   2.4358034e-10
   2.3389026e-10
   2.2458560e-10
   2.1565115e-10
   2.0707211e-10
   1.9883438e-10
   1.9092435e-10
   1.8332899e-10
   1.7603581e-10
   1.6903275e-10
   1.6230827e-10
   1.5585134e-10
   1.4965129e-10
   1.4369782e-10
   1.3798127e-10
   1.3249210e-10
   1.2722127e-10
   1.2216017e-10
   1.1730040e-10
   1.1263395e-10
   1.0815315e-10
   1.0385060e-10
   9.9719216e-11
   9.5752198e-11
   9.1942973e-11
   8.8285310e-11
   8.4773134e-11
   8.1400696e-11
   7.8162437e-11
   7.5052950e-11
   7.2067189e-11
   6.9200206e-11
   6.6447315e-11
   6.3803917e-11
   6.1265668e-11
   5.8828392e-11
   5.6488068e-11
   5.4240852e-11
   5.2083050e-11
   5.0011091e-11
   4.8021560e-11
   4.6111158e-11
   4.4276762e-11
   4.2515341e-11
   4.0824020e-11
   3.9199932e-11
   3.7640492e-11
   3.6143088e-11
   3.4705224e-11
   3.3324618e-11
   3.1998889e-11
   3.0725901e-11
   2.9503565e-11
   2.8329855e-11
   2.7202827e-11
   2.6120674e-11
   2.5081539e-11
   2.4083739e-11
   2.3125633e-11
   2.2205638e-11
   2.1322282e-11
   2.0474036e-11
   1.9659541e-11
   1.8877448e-11
   1.8126451e-11
   1.7405358e-11
   1.6712955e-11
   1.6048071e-11
   1.5409653e-11
   1.4796607e-11
   1.4207963e-11
   1.3642758e-11
   1.3100028e-11
   1.2578875e-11
   1.2078474e-11
   1.1597963e-11
   1.1136586e-11
   1.0693531e-11
   1.0268125e-11
   9.8596446e-12
   9.4673880e-12
   9.0907915e-12
   8.7291407e-12
   8.3818733e-12
   8.0484343e-12
   7.7282465e-12
   7.4208038e-12
   7.1256131e-12
   6.8421010e-12
   6.5699220e-12
   6.3085364e-12
   6.0575914e-12
   5.8166275e-12
   5.5852161e-12
   5.3630188e-12
   5.1496753e-12
   4.9448288e-12
   4.7481099e-12
   4.5592250e-12
   4.3778366e-12
   4.2036784e-12
   4.0364523e-12
   3.8758611e-12
   3.7216930e-12
   3.5736385e-12
   3.4314457e-12
   3.2949549e-12
   3.1638889e-12
   3.0380198e-12
   2.9171500e-12
   2.8010889e-12
   2.6896610e-12
   2.5826626e-12
   2.4799509e-12
   2.3812764e-12
   2.2865389e-12
   2.1955974e-12
   2.1082474e-12
   2.0243673e-12
   1.9438475e-12
   1.8665136e-12
   1.7922525e-12
   1.7209440e-12
   1.6524912e-12
   1.5867506e-12
   1.5236348e-12
   1.4630145e-12
   1.4048170e-12
   1.3489320e-12
   1.2952680e-12
   1.2437644e-12
   1.1942653e-12
   1.1467517e-12
   1.1011320e-12
   1.0573278e-12
   1.0152705e-12
   9.7488098e-13
   9.3607400e-13
   8.9884746e-13
   8.6309771e-13
   8.2876125e-13
   7.9579334e-13
   7.6412081e-13
   7.3371913e-13
   7.0455962e-13
   6.7653172e-13
   6.4960553e-13
   6.2375680e-13
   5.9895323e-13
   5.7513010e-13
   5.5225194e-13
   5.3028477e-13
   5.0917432e-13
   4.8890929e-13
   4.6945720e-13
   4.5080112e-13
   4.3285471e-13
   4.1564180e-13
   3.9910807e-13
   3.8320921e-13
   3.6798306e-13
   3.5334013e-13
   3.3930351e-13
   3.2580035e-13
   3.1282483e-13
   3.0038964e-13
   2.8843919e-13
   2.7695719e-13
   2.6595316e-13
   2.5534735e-13
   2.4520689e-13
   2.3544897e-13
   2.2610418e-13
   2.1708527e-13
   2.0846035e-13
   2.0013528e-13
   1.9222283e-13
   1.8455831e-13
   1.7720947e-13
   1.7015075e-13
   1.6339045e-13
   1.5691046e-13
   1.5065364e-13
   1.4466586e-13
   1.3890469e-13
   1.3337457e-13
   1.2807902e-13
   1.2300692e-13
   1.1808806e-13
   1.1337824e-13
   1.0889688e-13
   1.0456117e-13
   1.0039803e-13
   9.6383256e-14
   9.2584601e-14
   8.8893309e-14
   8.5352789e-14
   8.1937487e-14
   7.8690740e-14
   7.5540812e-14
   7.2567064e-14
   6.9679534e-14
   6.6921066e-14
   6.4245276e-14
   6.1705844e-14
   5.9229023e-14
   5.6854373e-14
   5.4604653e-14
   5.2453964e-14
   5.0349165e-14
   4.8332242e-14
   4.6439293e-14
   4.4594281e-14
   4.2784657e-14
   4.1111057e-14
   3.9478172e-14
   3.7912954e-14
   3.6388325e-14
   3.4936076e-14
   3.3560882e-14
   3.2231755e-14
   3.0929532e-14
   2.9699559e-14
   2.8545015e-14
   2.7407779e-14
   2.6289251e-14
   2.5271137e-14
   2.4249825e-14
   2.3274443e-14
   2.2331281e-14
   2.1465229e-14
   2.0585516e-14
   1.9785939e-14
   1.9027458e-14
   1.8275002e-14
   1.7530592e-14
   1.6838664e-14
   1.6151844e-14
   1.5498999e-14
   1.4896098e-14
   1.4301372e-14
   1.3717163e-14
   1.3165067e-14
   1.2659185e-14
   1.2173104e-14
   1.1653950e-14
   1.1195228e-14
   1.0751823e-14
   1.0319118e-14
   9.9374109e-15
   9.5344028e-15
   9.1696704e-15
   8.7767724e-15
   8.4226652e-15
   8.1069049e-15
   7.7884070e-15
   7.4762109e-15
   7.1260001e-15
   6.8745736e-15
   6.5992540e-15
   6.3412952e-15
   6.0797179e-15
   5.8474750e-15
   5.5826044e-15
   5.3669024e-15
   5.1768485e-15
   4.9643585e-15
   4.7451396e-15
   4.5651688e-15
   4.3691586e-15
   4.2151883e-15
   4.0533440e-15
   3.8982083e-15
   3.6958013e-15
   3.5526188e-15
   3.4323401e-15
   3.2930202e-15
   3.1401883e-15
   3.0260760e-15
   2.8950841e-15
   2.7987527e-15
   2.6902173e-15
   2.5850903e-15
   2.4662076e-15
   2.3597389e-15
   2.2796977e-15
   2.1791108e-15
   2.1061169e-15
   2.0178629e-15
   1.9200136e-15
   1.8440653e-15
   1.7790402e-15
   1.7029564e-15
   1.6389884e-15
   1.5870822e-15
   1.4921332e-15
   1.4309029e-15
   1.3807857e-15
   1.3315900e-15
   1.2659687e-15
   1.1978537e-15
   1.1626713e-15
   1.1203061e-15
   1.0998147e-15
   1.0508087e-15
   9.6000681e-16
   9.4184643e-16
   9.1739767e-16
   8.7354169e-16
   8.2873704e-16
   8.2632469e-16
   7.6124545e-16
   7.4444032e-16
   7.2088602e-16
   6.9020310e-16
   6.3935402e-16
   6.1159845e-16
   6.0357535e-16
   5.6129146e-16
   5.6682090e-16
   5.2497069e-16
   4.8550573e-16
   4.8431311e-16
   4.5840068e-16
   4.5124494e-16
   4.3200036e-16
   4.2072465e-16
   3.8028391e-16
   3.6797822e-16
   3.6483403e-16
   3.4174052e-16
   3.3393427e-16
   2.9598719e-16
   3.0661237e-16
   2.8384413e-16
   2.8319361e-16
   2.6606321e-16
   2.4849914e-16
   2.4437917e-16
   2.1337099e-16
   2.0426369e-16
   1.9412640e-16
   1.7954388e-16
   1.7336393e-16
   1.6338927e-16
   1.4994516e-16
   1.6219665e-16
   1.5157146e-16
   1.2251485e-16
   1.4246417e-16
   1.1796120e-16
   1.2273169e-16
   1.1145598e-16
   1.0408341e-16
   1.1709383e-16
   1.0234869e-16
   9.2807706e-17
   8.4567769e-17
   8.1423583e-17
   6.0606901e-17
   5.6161673e-17
   6.4184769e-17
   5.0740662e-17
   6.8521577e-17
   3.5128150e-17
   5.9414279e-17
   3.8597597e-17
   2.8622937e-17
   3.9031278e-17
   3.2959746e-17
   3.9031278e-17
   1.4745150e-17
   1.3010426e-17
   4.1199683e-18
   2.2768246e-17
   5.8546917e-18
   1.0408341e-17
  -8.6736174e-19
   2.1684043e-18
   1.7347235e-18
  -2.1684043e-17
   1.7347235e-18
  -1.4745150e-17
  -1.9081958e-17
  -1.0408341e-17
  -5.2041704e-18
   3.4694470e-18
  -1.5612511e-17
  -3.4694470e-18
  -2.3201926e-17
  -1.8648277e-17
  -2.0383001e-17
  -3.6429193e-17
  -2.7755576e-17
  -1.9949320e-17
  -1.9081958e-17
  -3.8163916e-17
  -5.2041704e-18
  -1.9081958e-17
  -4.5102810e-17
  -2.2551405e-17
  -6.9388939e-18
   0.0000000e+00
  -3.4694470e-17
  -1.3877788e-17
  -3.9464959e-17
  -2.6454533e-17
  -4.3368087e-17
  -3.2959746e-17
  -4.1633363e-17
  -2.7755576e-17
  -1.3877788e-17
  -6.9388939e-17
  -1.3877788e-17
  -4.8572257e-17
  -6.5919492e-17
  -5.5511151e-17
  -3.1225023e-17
  -1.7347235e-17
  -4.1633363e-17
  -2.7755576e-17
  -5.8980598e-17
  -5.5511151e-17
  -4.6837534e-17
  -5.8980598e-17
  -5.3776428e-17
  -3.8163916e-17
  -2.7755576e-17
  -4.5102810e-17
  -1.7347235e-17
  -3.4694470e-17
  -9.0205621e-17
  -2.0816682e-17
  -4.1633363e-17
  -4.1633363e-17
  -3.4694470e-17
  -2.0816682e-17
  -3.5561831e-17
  -2.4286129e-17
  -5.7245875e-17
  -7.6327833e-17
  -6.2450045e-17
  -5.5511151e-17
  -2.0816682e-17
  -6.2450045e-17
  -2.0816682e-17
  -4.8572257e-17
  -8.3266727e-17
  -2.7755576e-17
  -2.7755576e-17
  -6.2450045e-17
  -1.3877788e-17
   0.0000000e+00
  -2.6020852e-18
  -2.6888214e-17
   0.0000000e+00
  -5.3776428e-17
   0.0000000e+00
  -5.8980598e-17
  -2.7755576e-17
  -3.4694470e-18
   5.8980598e-17
   3.4694470e-18
  -5.5511151e-17
   6.9388939e-18
  -2.7755576e-17
  -2.7755576e-17
   1.3877788e-17
   6.9388939e-18
